0 0 0
0 0 0
180 180 180
270 90 90
0 0 0
0 270 0
0 0 0
90 90 90
90 90 90
180 180 180
180 180 180
270 270 270
0 0 0
0 0 0
90 90 90
0 0 0
180 180 180
180 180 180
90 270 0
0 0 0
0 90 180
180 180 180
180 180 180
180 180 0
180 180 180
90 90 90
90 90 90
90 90 90
270 270 270
270 270 270
180 180 180
270 270 270
0 270 270
90 90 90
0 0 0
90 90 90
90 0 0
180 180 180
270 270 270
180 180 180
0 0 0
270 0 0
180 180 180
180 180 180
0 0 0
180 180 180
0 180 270
0 90 0
180 180 180
90 90 0
0 0 0
90 90 90
0 0 0
0 0 0
0 0 0
90 90 90
270 180 180
180 180 180
180 90 180
90 0 0
90 90 90
90 90 90
90 90 90
270 270 270
0 0 0
90 90 90
270 270 270
270 270 270
0 90 0
0 0 0
180 180 180
90 90 90
270 270 270
270 270 270
90 90 90
270 270 270
0 270 270
270 270 270
90 90 90
180 180 180
180 180 180
90 90 90
270 180 270
270 270 0
0 0 0
270 270 270
0 180 0
90 90 90
0 0 0
0 0 0
0 0 0
180 180 180
90 90 90
0 0 0
90 90 90
0 0 0
90 0 0
0 270 0
90 90 90
0 270 0
270 270 270
180 180 180
180 180 180
270 270 270
0 270 90
90 90 90
90 90 90
270 180 90
0 0 0
90 90 90
270 270 270
90 90 90
90 90 90
270 90 0
0 180 0
0 0 0
180 180 180
0 0 0
270 270 270
270 270 0
0 0 0
0 0 0
90 90 180
270 180 0
0 270 0
270 90 90
90 90 90
90 90 90
180 0 0
90 90 90
90 90 90
90 180 180
0 90 270
270 270 270
90 180 90
180 180 180
270 90 90
270 270 0
180 180 0
180 90 90
90 90 90
0 0 0
180 180 0
270 270 270
90 0 0
90 90 90
90 90 90
0 0 0
270 270 270
270 270 0
180 180 180
270 270 0
270 270 270
90 90 0
180 0 0
180 180 180
0 0 0
270 270 180
0 0 0
180 180 180
180 180 90
180 180 180
0 270 180
270 270 0
270 270 270
0 90 0
0 0 0
270 270 270
270 270 270
270 270 270
0 0 0
270 270 180
90 90 90
0 0 0
180 180 180
90 90 0
180 180 180
90 90 0
90 90 90
0 270 0
90 180 0
90 90 90
90 270 0
0 0 0
270 270 270
90 0 0
0 270 0
270 270 270
180 180 180
90 90 90
180 270 180
90 90 90
90 90 90
180 180 180
90 90 0
90 90 90
0 0 0
270 270 270
90 90 90
270 270 270
270 270 270
90 90 90
180 180 180
270 180 0
180 180 180
180 180 0
270 270 0
180 180 180
180 180 180
90 90 90
180 180 180
270 0 0
90 270 90
0 0 0
0 0 0
90 180 180
0 0 0
180 180 180
0 0 0
90 90 90
180 180 180
90 90 90
0 0 0
270 270 270
90 90 180
270 270 270
0 0 0
270 270 270
90 90 0
0 0 0
180 180 180
180 180 0
0 0 0
270 270 270
0 270 0
0 0 0
0 0 0
270 270 0
0 0 0
180 0 0
90 270 270
180 180 0
270 180 0
270 270 270
180 180 180
90 180 90
180 180 180
0 0 0
0 0 0
180 180 180
270 270 270
0 0 0
180 180 0
90 90 0
90 0 0
270 180 270
90 0 0
180 180 180
0 90 0
0 0 0
180 180 180
0 0 0
0 0 0
270 180 270
90 90 90
270 270 0
0 0 0
90 270 90
180 180 180
270 270 270
0 270 0
270 270 270
0 0 90
180 180 180
0 90 0
0 0 0
90 90 90
180 0 0
0 0 90
180 270 180
270 270 270
90 90 90
270 270 270
270 270 270
180 180 90
180 180 90
270 270 0
90 90 90
90 0 0
270 270 270
90 0 90
270 270 270
0 180 180
180 0 0
180 180 180
270 180 270
0 0 0
0 90 0
90 90 90
180 180 180
270 270 270
90 180 0
90 0 0
270 270 270
0 270 0
270 270 270
180 180 180
180 180 0
0 270 0
180 180 90
90 90 90
180 180 180
90 90 90
90 270 90
180 180 180
270 270 270
0 270 180
180 180 180
270 0 0
180 0 180
90 90 0
270 270 270
90 90 90
90 0 0
90 90 180
90 90 90
0 0 0
180 180 180
90 270 270
180 180 180
180 180 180
270 270 270
180 0 0
90 180 180
270 270 270
90 270 180
90 90 0
90 90 90
270 270 270
0 0 0
0 0 0
180 180 180
90 270 180
90 90 90
0 0 0
180 180 180
270 270 270
0 0 0
180 180 180
90 90 90
270 0 0
180 180 270
0 0 0
90 90 90
270 270 270
0 90 0
270 270 0
180 180 180
180 90 0
90 90 90
0 0 0
270 270 270
90 90 0
270 270 270
270 270 270
180 180 180
0 0 0
0 0 0
180 180 0
90 90 90
270 270 270
0 0 0
270 270 270
180 180 180
180 180 0
90 0 90
180 180 180
180 180 180
270 0 0
270 0 0
270 270 0
0 90 0
270 180 0
270 270 270
0 0 0
180 270 0
0 0 0
270 0 0
0 0 0
90 90 90
90 90 90
90 0 0
180 0 90
0 90 0
90 270 270
270 270 270
270 90 90
270 270 270
90 90 90
0 180 180
90 90 90
90 90 90
180 180 180
270 180 180
270 270 270
180 180 180
270 270 270
0 0 0
0 0 0
90 90 90
0 0 0
90 90 90
0 0 0
0 0 0
90 90 90
90 90 0
90 0 90
0 270 0
0 0 0
0 0 0
0 270 0
270 270 270
180 180 180
270 0 0
0 270 0
270 180 270
180 180 180
270 270 270
90 0 0
180 270 0
270 270 270
90 90 90
270 270 270
270 90 270
180 180 180
90 90 90
90 90 90
0 270 180
180 180 180
0 0 0
0 0 0
90 90 90
180 180 180
270 180 270
270 270 270
180 180 180
180 90 180
0 180 90
90 90 90
90 90 90
0 270 0
270 270 270
180 180 180
90 90 90
180 180 180
0 0 0
270 270 270
180 180 180
180 180 180
90 90 90
180 180 180
270 270 270
0 0 0
0 270 0
90 90 90
0 0 0
0 0 0
90 180 180
0 0 0
180 180 180
180 180 180
270 270 270
90 90 90
180 270 180
90 90 90
270 270 0
270 270 270
0 0 0
90 180 90
270 270 270
270 270 270
90 90 90
270 270 270
270 0 270
180 270 0
90 270 270
90 270 180
90 90 90
0 0 0
180 0 0
180 180 180
0 0 0
90 0 0
90 90 90
270 270 270
270 270 0
90 270 0
180 180 180
90 90 90
180 180 180
270 270 0
270 270 270
0 0 0
180 0 0
270 180 180
0 0 0
180 180 180
0 0 0
180 180 90
270 270 270
0 0 0
0 270 270
0 0 0
270 270 270
180 180 180
180 180 180
180 180 180
270 270 0
0 180 0
180 90 0
90 90 90
180 180 0
90 90 90
270 270 270
90 90 90
90 90 90
90 90 90
180 0 0
270 270 180
0 180 180
180 180 180
0 90 0
270 270 270
270 270 270
0 0 0
0 0 0
0 0 0
0 0 0
90 90 90
0 0 0
0 0 0
180 180 180
90 90 90
180 180 180
270 270 270
180 180 90
90 90 0
90 90 90
0 270 0
180 90 180
0 180 180
90 90 90
0 270 0
90 90 90
90 90 90
90 90 90
0 0 0
90 90 90
0 0 0
270 270 270
180 180 180
180 180 180
90 0 90
0 0 0
180 180 180
0 270 0
0 0 0
90 90 90
90 0 0
90 90 90
270 270 270
90 90 90
0 0 0
0 0 0
180 180 180
90 270 270
180 180 0
180 180 180
0 0 0
90 90 90
0 0 0
180 180 180
90 90 90
0 0 0
270 180 0
0 0 0
270 270 270
270 270 270
0 0 0
180 180 180
90 0 0
270 270 180
90 90 90
90 180 180
0 270 0
270 270 270
0 0 0
180 180 0
180 180 180
0 0 0
180 180 90
0 0 0
0 270 0
180 180 180
270 270 0
270 270 270
270 270 270
0 0 0
270 270 270
0 90 0
180 180 180
0 0 0
180 180 180
0 270 0
0 0 0
0 0 0
90 90 0
180 180 180
90 90 90
0 0 0
180 180 180
90 0 0
270 0 0
0 0 0
90 270 0
0 0 0
0 0 0
180 180 180
270 270 0
270 0 180
90 0 0
270 270 270
0 0 0
180 180 180
180 180 180
90 90 180
180 180 180
0 90 0
270 270 0
0 0 0
90 270 0
270 90 0
90 90 90
270 180 270
180 90 90
270 270 270
180 180 180
90 90 90
0 0 0
0 180 0
0 180 0
0 0 0
90 90 90
270 270 270
180 180 180
90 90 90
90 0 0
270 90 0
0 90 270
0 0 0
0 0 0
270 270 270
180 180 180
270 270 270
270 270 270
90 90 180
90 90 90
90 0 0
0 90 0
0 180 180
0 0 0
0 90 0
0 0 0
270 270 270
180 0 0
270 270 90
0 0 0
0 0 0
0 0 0
270 270 0
180 180 180
270 270 270
180 180 180
180 180 180
90 270 90
180 180 180
0 0 0
90 90 90
0 0 0
90 90 90
270 270 270
180 180 0
270 270 270
180 180 180
180 180 180
90 0 0
90 90 90
90 90 90
180 180 180
270 270 270
0 0 0
180 180 0
270 180 180
270 270 0
180 90 180
0 0 0
270 270 270
180 180 180
0 0 0
90 90 90
90 90 90
90 0 0
90 90 0
90 90 90
270 270 270
90 180 180
180 270 180
0 0 0
0 0 0
180 270 0
270 0 180
0 0 0
180 0 0
270 270 270
270 270 0
90 0 0
0 0 0
90 180 0
270 270 0
270 270 270
0 0 0
0 0 0
0 180 90
90 90 90
90 90 90
0 0 0
90 270 270
270 270 270
0 0 0
180 180 180
90 90 0
0 0 0
270 270 90
90 90 90
270 180 270
180 180 180
90 90 90
180 180 180
90 90 90
180 90 90
0 0 0
180 180 180
0 0 0
0 0 0
90 90 90
180 180 180
180 90 90
270 270 270
90 90 90
0 0 0
90 0 90
90 180 180
0 0 0
270 270 270
270 270 270
270 270 0
180 180 180
90 90 90
270 270 270
270 270 270
0 0 0
270 270 270
90 90 90
90 180 90
180 180 180
270 270 270
180 180 180
180 180 180
270 0 0
180 180 180
90 90 0
180 180 180
180 90 90
180 270 0
180 180 90
270 180 0
180 180 180
90 90 180
270 270 270
90 90 90
90 90 0
90 90 90
270 270 270
270 270 270
270 270 270
180 180 0
180 180 90
270 270 180
270 270 270
180 270 0
90 90 0
180 0 0
90 90 90
0 0 0
270 270 270
90 0 0
90 0 90
90 90 90
0 180 180
270 0 0
0 0 0
90 90 90
180 180 180
0 0 0
180 180 180
90 270 270
0 0 0
180 180 180
180 180 0
270 270 270
270 270 270
90 90 0
90 90 90
270 180 180
90 90 90
180 180 180
0 90 90
90 90 90
0 0 0
270 270 270
180 180 180
0 0 0
90 90 90
180 180 180
90 90 90
0 90 0
90 90 90
270 270 0
90 90 0
90 90 0
180 180 0
0 0 0
180 180 180
0 0 0
270 270 270
90 90 90
180 180 180
90 90 90
0 0 0
90 90 90
180 180 180
180 0 180
270 270 270
0 0 0
90 90 0
0 0 0
180 180 180
90 90 90
90 90 90
0 0 0
90 90 90
0 0 0
0 0 0
180 180 90
270 270 270
270 270 270
90 270 270
0 0 0
270 270 0
0 0 0
0 0 0
90 90 90
0 90 0
270 0 0
180 180 180
270 270 270
180 180 180
0 0 0
0 0 0
0 0 0
0 0 0
90 90 90
90 90 90
90 180 0
180 180 180
270 270 0
0 270 0
270 270 270
270 270 270
90 180 180
270 270 270
0 0 0
0 0 0
180 270 90
0 0 0
0 0 0
270 270 270
180 180 0
180 180 180
90 90 90
180 180 180
90 90 90
270 180 0
270 270 270
180 0 0
180 180 180
270 90 90
180 180 180
0 0 0
270 270 270
180 270 90
180 270 90
0 0 0
0 0 0
180 180 180
270 270 270
180 180 180
270 270 270
180 180 180
0 0 0
90 0 0
180 180 180
270 0 0
180 270 180
180 180 90
90 90 180
270 270 270
90 270 0
180 180 180
90 90 90
180 180 180
0 270 0
180 270 0
90 90 90
90 90 90
90 90 90
180 180 180
0 0 0
0 90 0
0 0 0
270 270 0
180 90 180
90 270 270
